   64 base-pairs
...     1 A-T ...
    0.0000    0.0000    0.0000
    1.0000    0.0000    0.0000
    0.0000    1.0000    0.0000
    0.0000    0.0000    1.0000
...     2 T-A ...
    0.1110   -0.5504    3.3898
    0.8550    0.5181    0.0234
   -0.5181    0.8553   -0.0065
   -0.0234   -0.0065    0.9997
...     3 A-T ...
    0.1100   -0.4367    6.7279
    0.3834    0.9208   -0.0720
   -0.9229    0.3850    0.0094
    0.0364    0.0629    0.9974
...     4 C-G ...
    0.7785   -0.0515   10.0795
   -0.1562    0.9849   -0.0748
   -0.9873   -0.1536    0.0392
    0.0272    0.0799    0.9964
...     5 A-T ...
    0.7010    0.1527   13.4610
   -0.6949    0.7059   -0.1372
   -0.7188   -0.6872    0.1052
   -0.0200    0.1717    0.9849
...     6 A-T ...
    0.7351    0.8383   16.6654
   -0.9818    0.1753   -0.0732
   -0.1840   -0.9731    0.1389
   -0.0469    0.1499    0.9876
...     7 A-T ...
    0.5904    1.4869   19.8744
   -0.9064   -0.4224   -0.0016
    0.4187   -0.8989    0.1294
   -0.0561    0.1166    0.9916
...     8 G-C ...
    0.0921    1.9080   23.2040
   -0.5273   -0.8496    0.0095
    0.8459   -0.5239    0.1002
   -0.0802    0.0609    0.9949
...     9 G-C ...
   -0.6355    2.1397   26.4284
    0.0271   -0.9996   -0.0034
    0.9955    0.0267    0.0912
   -0.0910   -0.0059    0.9958
...    10 T-A ...
   -1.5297    2.1284   29.7492
    0.5447   -0.8380    0.0325
    0.8330    0.5451    0.0945
   -0.0969   -0.0244    0.9950
...    11 G-C ...
   -1.4854    1.9712   33.1339
    0.9297   -0.3678   -0.0175
    0.3678    0.9255    0.0907
   -0.0171   -0.0908    0.9957
...    12 C-G ...
   -1.5290    1.5933   36.4931
    0.9751    0.2201    0.0256
   -0.2215    0.9712    0.0882
   -0.0055   -0.0917    0.9958
...    13 G-C ...
   -1.7243    1.8290   40.0161
    0.6660    0.7460    0.0008
   -0.7437    0.6638    0.0798
    0.0590   -0.0537    0.9968
...    14 A-T ...
   -1.6041    1.5119   43.3600
    0.1180    0.9927   -0.0261
   -0.9910    0.1194    0.0600
    0.0627    0.0188    0.9979
...    15 G-C ...
   -1.2056    1.8231   46.7150
   -0.4443    0.8945   -0.0491
   -0.8955   -0.4417    0.0554
    0.0279    0.0685    0.9973
...    16 G-C ...
   -0.8405    2.4254   49.9528
   -0.8620    0.5011   -0.0770
   -0.5064   -0.8580    0.0857
   -0.0232    0.1129    0.9933
...    17 T-A ...
   -0.6003    3.2998   53.2703
   -0.9992   -0.0229   -0.0330
    0.0185   -0.9916    0.1283
   -0.0357    0.1276    0.9912
...    18 T-A ...
   -0.8688    3.9395   56.4731
   -0.8046   -0.5922    0.0443
    0.5910   -0.7911    0.1580
   -0.0585    0.1533    0.9864
...    19 T-A ...
   -1.3139    4.5332   59.6651
   -0.3148   -0.9410    0.1246
    0.9447   -0.2978    0.1374
   -0.0922    0.1610    0.9826
...    20 C-G ...
   -1.7025    4.6929   62.9998
    0.2867   -0.9498    0.1250
    0.9505    0.2983    0.0866
   -0.1195    0.0940    0.9884
...    21 T-A ...
   -2.3813    4.8586   66.3199
    0.7639   -0.6364    0.1071
    0.6357    0.7706    0.0444
   -0.1108    0.0341    0.9933
...    22 A-T ...
   -2.5986    4.9445   69.6519
    0.9979   -0.0599    0.0258
    0.0599    0.9982    0.0010
   -0.0258    0.0006    0.9997
...    23 T-A ...
   -2.6082    4.3902   73.0428
    0.8836    0.4660    0.0459
   -0.4656    0.8848   -0.0190
   -0.0495   -0.0046    0.9988
...    24 G-C ...
   -2.6661    4.7387   76.4129
    0.4577    0.8862   -0.0720
   -0.8888    0.4582   -0.0099
    0.0242    0.0685    0.9974
...    25 C-G ...
   -2.5119    4.9773   79.7817
   -0.1244    0.9893   -0.0761
   -0.9919   -0.1220    0.0359
    0.0263    0.0800    0.9964
...    26 T-A ...
   -2.1252    5.3477   83.1320
   -0.6464    0.7577   -0.0893
   -0.7625   -0.6373    0.1118
    0.0278    0.1403    0.9897
...    27 C-G ...
   -2.3162    6.0822   86.4063
   -0.9663    0.2489   -0.0652
   -0.2569   -0.9481    0.1876
   -0.0151    0.1980    0.9801
...    28 C-G ...
   -2.5104    7.1983   89.5201
   -0.9463   -0.3229   -0.0132
    0.3124   -0.9246    0.2181
   -0.0826    0.2022    0.9758
...    29 C-G ...
   -3.1618    8.1683   92.6209
   -0.6142   -0.7877    0.0472
    0.7764   -0.5924    0.2150
   -0.1414    0.1687    0.9755
...    30 A-T ...
   -3.4780    8.6651   95.9579
   -0.0417   -0.9970    0.0648
    0.9834   -0.0295    0.1788
   -0.1764    0.0712    0.9817
...    31 C-G ...
   -4.5213    8.5509   99.2329
    0.4817   -0.8665    0.1307
    0.8612    0.4957    0.1122
   -0.1620    0.0585    0.9851
...    32 G-C ...
   -4.6078    9.0857  102.7274
    0.9004   -0.4231    0.1009
    0.4214    0.9060    0.0385
   -0.1077    0.0078    0.9942
...    33 C-G ...
   -4.9619    9.0400  106.0893
    0.9823    0.1623    0.0939
   -0.1610    0.9867   -0.0217
   -0.0962    0.0062    0.9953
...    34 G-C ...
   -5.4386    9.6289  109.5434
    0.7131    0.7010   -0.0071
   -0.7004    0.7120   -0.0493
   -0.0295    0.0401    0.9988
...    35 T-A ...
   -5.1445    9.3294  112.9568
    0.2420    0.9693   -0.0441
   -0.9702    0.2411   -0.0233
   -0.0120    0.0484    0.9988
...    36 G-C ...
   -5.3835    9.8155  116.3018
   -0.3572    0.9223   -0.1477
   -0.9339   -0.3555    0.0381
   -0.0174    0.1515    0.9883
...    37 G-C ...
   -5.1319   10.6604  119.4960
   -0.8072    0.5658   -0.1682
   -0.5868   -0.8000    0.1250
   -0.0638    0.1996    0.9778
...    38 G-C ...
   -5.2743   11.7694  122.6152
   -0.9903    0.0221   -0.1372
   -0.0508   -0.9766    0.2089
   -0.1294    0.2138    0.9683
...    39 A-T ...
   -5.5545   12.5162  125.8802
   -0.8307   -0.5531   -0.0635
    0.5243   -0.8156    0.2449
   -0.1873    0.1701    0.9675
...    40 G-C ...
   -6.4923   13.0700  129.0935
   -0.3986   -0.9169    0.0220
    0.8943   -0.3832    0.2311
   -0.2034    0.1118    0.9727
...    41 C-G ...
   -7.2501   13.4350  132.3679
    0.1783   -0.9743    0.1378
    0.9624    0.2018    0.1816
   -0.2048    0.1002    0.9737
...    42 A-T ...
   -7.7789   13.8487  135.6893
    0.7162   -0.6876    0.1196
    0.6804    0.7261    0.0995
   -0.1553    0.0101    0.9878
...    43 T-A ...
   -8.6001   13.4069  138.9963
    0.9612   -0.2115    0.1769
    0.2119    0.9772    0.0167
   -0.1764    0.0214    0.9841
...    44 A-T ...
   -9.0417   13.5239  142.3051
    0.9123    0.4042    0.0663
   -0.4005    0.9142   -0.0628
   -0.0860    0.0307    0.9958
...    45 G-C ...
   -9.0247   13.5931  145.6972
    0.5507    0.8338   -0.0384
   -0.8325    0.5453   -0.0979
   -0.0607    0.0859    0.9945
...    46 A-T ...
   -9.2857   13.7351  149.0450
   -0.0183    0.9871   -0.1591
   -0.9976   -0.0288   -0.0635
   -0.0673    0.1575    0.9852
...    47 A-T ...
   -9.3480   14.2759  152.2766
   -0.5897    0.7853   -0.1886
   -0.8012   -0.5982    0.0140
   -0.1018    0.1593    0.9820
...    48 A-T ...
   -9.5664   14.9086  155.4847
   -0.9417    0.2917   -0.1678
   -0.3099   -0.9461    0.0943
   -0.1312    0.1408    0.9813
...    49 C-G ...
  -10.2239   15.9074  158.7093
   -0.9622   -0.2484   -0.1117
    0.2290   -0.9599    0.1618
   -0.1474    0.1301    0.9805
...    50 C-G ...
  -11.0563   16.6755  161.8232
   -0.6690   -0.7403   -0.0661
    0.7135   -0.6646    0.2218
   -0.2082    0.1012    0.9728
...    51 T-A ...
  -12.0219   17.1756  165.0371
   -0.1611   -0.9867    0.0216
    0.9536   -0.1500    0.2612
   -0.2544    0.0627    0.9651
...    52 C-G ...
  -12.8923   16.9958  168.2785
    0.4268   -0.8974    0.1123
    0.8630    0.4412    0.2460
   -0.2703   -0.0081    0.9627
...    53 G-C ...
  -13.3526   17.2681  171.7740
    0.8645   -0.4749    0.1647
    0.4522    0.8779    0.1579
   -0.2195   -0.0620    0.9736
...    54 C-G ...
  -14.0881   16.9862  175.0617
    0.9712    0.1045    0.2142
   -0.1157    0.9924    0.0407
   -0.2083   -0.0643    0.9759
...    55 A-T ...
  -14.8520   16.9409  178.3628
    0.7450    0.6594    0.1009
   -0.6570    0.7515   -0.0596
   -0.1151   -0.0219    0.9931
...    56 C-G ...
  -14.6800   16.7819  181.7939
    0.2937    0.9552    0.0366
   -0.9488    0.2960   -0.1100
   -0.1159   -0.0025    0.9933
...    57 C-G ...
  -14.5800   16.8990  185.1039
   -0.2663    0.9595   -0.0916
   -0.9578   -0.2740   -0.0864
   -0.1080    0.0648    0.9920
...    58 T-A ...
  -14.6662   17.2630  188.4761
   -0.7405    0.6505   -0.1688
   -0.6621   -0.7492    0.0176
   -0.1150    0.1248    0.9855
...    59 T-A ...
  -15.0002   17.9377  191.6656
   -0.9867    0.0974   -0.1304
   -0.1163   -0.9824    0.1459
   -0.1139    0.1591    0.9807
...    60 T-A ...
  -15.4916   18.6962  194.8156
   -0.8720   -0.4889   -0.0249
    0.4711   -0.8520    0.2283
   -0.1328    0.1873    0.9733
...    61 G-C ...
  -16.0431   18.9660  198.1481
   -0.4271   -0.9041    0.0144
    0.8808   -0.4124    0.2325
   -0.2043    0.1120    0.9725
...    62 T-A ...
  -17.2424   19.6099  201.3064
    0.0990   -0.9876    0.1219
    0.9710    0.1227    0.2053
   -0.2177    0.0981    0.9711
...    63 A-T ...
  -17.8815   19.8121  204.5786
    0.6707   -0.7294    0.1345
    0.7194    0.6839    0.1215
   -0.1806    0.0153    0.9834
...    64 T-A ...
  -18.8151   19.4064  207.8603
    0.9420   -0.2690    0.2009
    0.2690    0.9627    0.0278
   -0.2009    0.0278    0.9792
