   32 base-pairs
...     1 A-T ...
    0.0000    0.0000    0.0000
    1.0000    0.0000    0.0000
    0.0000    1.0000    0.0000
    0.0000    0.0000    1.0000
...     2 T-A ...
    0.1110   -0.5504    3.3898
    0.8550    0.5181    0.0234
   -0.5181    0.8553   -0.0065
   -0.0234   -0.0065    0.9997
...     3 A-T ...
    0.1100   -0.4367    6.7279
    0.3834    0.9208   -0.0720
   -0.9229    0.3850    0.0094
    0.0364    0.0629    0.9974
...     4 C-G ...
    0.7785   -0.0515   10.0795
   -0.1562    0.9849   -0.0748
   -0.9873   -0.1536    0.0392
    0.0272    0.0799    0.9964
...     5 A-T ...
    0.7010    0.1527   13.4610
   -0.6949    0.7059   -0.1372
   -0.7188   -0.6872    0.1052
   -0.0200    0.1717    0.9849
...     6 A-T ...
    0.7351    0.8383   16.6654
   -0.9818    0.1753   -0.0732
   -0.1840   -0.9731    0.1389
   -0.0469    0.1499    0.9876
...     7 A-T ...
    0.5904    1.4869   19.8744
   -0.9064   -0.4224   -0.0016
    0.4187   -0.8989    0.1294
   -0.0561    0.1166    0.9916
...     8 G-C ...
    0.0921    1.9080   23.2040
   -0.5273   -0.8496    0.0095
    0.8459   -0.5239    0.1002
   -0.0802    0.0609    0.9949
...     9 G-C ...
   -0.6355    2.1397   26.4284
    0.0271   -0.9996   -0.0034
    0.9955    0.0267    0.0912
   -0.0910   -0.0059    0.9958
...    10 T-A ...
   -1.5297    2.1284   29.7492
    0.5447   -0.8380    0.0325
    0.8330    0.5451    0.0945
   -0.0969   -0.0244    0.9950
...    11 G-C ...
   -1.4854    1.9712   33.1339
    0.9297   -0.3678   -0.0175
    0.3678    0.9255    0.0907
   -0.0171   -0.0908    0.9957
...    12 C-G ...
   -1.5290    1.5933   36.4931
    0.9751    0.2201    0.0256
   -0.2215    0.9712    0.0882
   -0.0055   -0.0917    0.9958
...    13 G-C ...
   -1.7198    1.8304   40.0163
    0.6778    0.7352   -0.0003
   -0.7328    0.6756    0.0804
    0.0593   -0.0542    0.9968
...    14 A-T ...
   -1.6008    1.5129   43.3601
    0.1339    0.9906   -0.0266
   -0.9889    0.1353    0.0611
    0.0641    0.0182    0.9978
...    15 G-C ...
   -1.1935    1.8191   46.7145
   -0.4300    0.9015   -0.0489
   -0.9023   -0.4273    0.0566
    0.0301    0.0685    0.9972
...    16 G-C ...
   -0.8149    2.4167   49.9517
   -0.8539    0.5148   -0.0762
   -0.5200   -0.8498    0.0867
   -0.0202    0.1136    0.9933
...    17 T-A ...
   -0.5569    3.2886   53.2685
   -0.9995   -0.0069   -0.0319
    0.0028   -0.9917    0.1287
   -0.0325    0.1285    0.9912
...    18 T-A ...
   -0.8155    3.9325   56.4713
   -0.8138   -0.5796    0.0431
    0.5783   -0.8003    0.1584
   -0.0574    0.1538    0.9864
...    19 T-A ...
   -1.2579    4.5285   59.6632
   -0.3294   -0.9364    0.1214
    0.9397   -0.3125    0.1393
   -0.0925    0.1600    0.9828
...    20 C-G ...
   -1.6534    4.6859   62.9972
    0.2718   -0.9544    0.1235
    0.9547    0.2836    0.0900
   -0.1209    0.0934    0.9883
...    21 T-A ...
   -2.3390    4.8537   66.3158
    0.7538   -0.6482    0.1076
    0.6473    0.7607    0.0481
   -0.1130    0.0334    0.9930
...    22 A-T ...
   -2.5644    4.9346   69.6474
    0.9968   -0.0751    0.0284
    0.0751    0.9972    0.0037
   -0.0286   -0.0015    0.9996
...    23 T-A ...
   -2.5920    4.3723   73.0369
    0.8905    0.4523    0.0495
   -0.4520    0.8918   -0.0181
   -0.0524   -0.0063    0.9986
...    24 G-C ...
   -2.6540    4.7133   76.4077
    0.4713    0.8793   -0.0685
   -0.8817    0.4717   -0.0112
    0.0224    0.0657    0.9976
...    25 C-G ...
   -2.5057    4.9413   79.7774
   -0.1091    0.9913   -0.0740
   -0.9937   -0.1070    0.0329
    0.0247    0.0771    0.9967
...    26 T-A ...
   -2.1228    5.2975   83.1298
   -0.6346    0.7677   -0.0892
   -0.7724   -0.6259    0.1081
    0.0271    0.1375    0.9901
...    27 C-G ...
   -2.3119    6.0266   86.4053
   -0.9622    0.2637   -0.0673
   -0.2718   -0.9445    0.1845
   -0.0149    0.1958    0.9805
...    28 C-G ...
   -2.4979    7.1379   89.5214
   -0.9511   -0.3084   -0.0166
    0.2977   -0.9298    0.2166
   -0.0823    0.2011    0.9761
...    29 C-G ...
   -3.1432    8.1100   92.6227
   -0.6262   -0.7784    0.0435
    0.7667   -0.6047    0.2157
   -0.1416    0.1684    0.9755
...    30 A-T ...
   -3.4612    8.6034   95.9600
   -0.0570   -0.9964    0.0622
    0.9824   -0.0449    0.1815
   -0.1780    0.0714    0.9814
...    31 C-G ...
   -4.5154    8.4970   99.2319
    0.4681   -0.8741    0.1299
    0.8683    0.4823    0.1159
   -0.1639    0.0585    0.9847
...    32 G-C ...
   -4.6011    9.0205  102.7281
    0.8865   -0.4514    0.1018
    0.4493    0.8923    0.0442
   -0.1108    0.0066    0.9938
